2012416122
2012416124
2012416126
2012416128
2012416130
2012416132
2012416134
2012416136
2012416138
2012416140
2012416142
2012416144
2012416146
2012416148
2012416150
2012416152
2012416155
2012416157
2012416159
2012416161
2012416165
2012416167
2012416170
2012416172
2012416174
2012416176
2012416178
2012416180
2012416182
2012416184
2012416188
2012416190
2012416192
2012416194
2012416196
2012416198
2012416200
2012416202
2012416205
2012416207
2012416209
2012416211
2012416213
2012416215
2012416218
2012416220
2012416222
2012416224
2012416226
2012416228